6565
23603
6317
15249
21921
16178
10049
13556
12858
313
20621
2795
26022
14034
21206
5812
8337
18187
19345
9504
29217
29866
26788
2489
29691
8933
5060
15800
1937
31792
13209
6149
3841
13411
3555
13394
8839
30954
29095
16412
4680
16576
6927
9179
14971
32398
20272
2297
7966
32372
7820
497
11122
1743
3520
20924
15964
16460
17617
6099
8765
3843
17504
14070
27149
14063
5832
17978
11950
13276
26744
13940
6037
23930
4286
25291
8889
21004
9907
23660
16283
25387
18506
317
602
30012
19922
19386
18866
56
31223
24966
18786
27505
19179
12941
26416
14900
14563
31606
6617
13350
12138
1019
30121
11977
11806
21704
15564
3494
6436
9349
19779
27464
31083
25980
27030
5085
19815
25686
31784
21817
11216
5719
19259
12055
15905
6400
23363
16814
13315
17900
5372
26954
5371
2709
27672
21847
32058
30069
484
13556
16455
2952
16553
18701
30153
25192
17760
20079
